|BaseMarket|SURV_HONDA_SNRFOR_CR14_100BP.JPY|20250430|ZeroCurve
DayOffset	DiscFactor
0	1
234	0.998882375283
416	0.99772093088
781	0.992257618162
1147	0.983086860889
1512	0.969968790549
1877	0.954614767806
2608	0.923384579044
3703	0.884111008471
5530	0.822475392501
7356	0.764992895615
11008	0.663892380438

|BaseMarket|SURV_KOMAT_SNRFOR_CR14_100BP.JPY|20250430|ZeroCurve
DayOffset	DiscFactor
0	1
234	0.999702575803
416	0.999142836793
781	0.996873697105
1147	0.99264882551
1512	0.987321571305
1877	0.979978568807
2608	0.962706426148
3703	0.942090200373
5530	0.912815599741
7356	0.882723752224
11008	0.825377010923

|BaseMarket|SURV_ORIXC_SNRFOR_CR14_100BP.JPY|20250430|ZeroCurve
DayOffset	DiscFactor
0	1
234	0.999139073617
416	0.998140292621
781	0.993638041455
1147	0.98689705373
1512	0.976553592013
1877	0.964427841915
2608	0.937837876538
3703	0.903497766511
5530	0.849670796586
7356	0.794805893032
11008	0.694549219209

|BaseMarket|SURV_PANAS_SNRFOR_CR14_100BP.JPY|20250430|ZeroCurve
DayOffset	DiscFactor
0	1
234	0.99945433762
416	0.998789672388
781	0.996133705897
1147	0.991823280557
1512	0.984582388737
1877	0.97548611257
2608	0.956633972596
3703	0.931838884726
5530	0.894013005548
7356	0.860267339553
11008	0.792717391589

|BaseMarket|SURV_SONYG_SNRFOR_CR14_100BP.JPY|20250430|ZeroCurve
DayOffset	DiscFactor
0	1
234	0.999470234505
416	0.998674031599
781	0.99543120566
1147	0.991760525078
1512	0.985181087957
1877	0.979182529893
2608	0.964442931175
3703	0.943679774946
5530	0.919516625094
7356	0.894392152143
11008	0.846054325583

|BaseMarket|SURV_SUMITOREALTY_SNRFOR_CR14_10|20250430|ZeroCurve
DayOffset	DiscFactor
0	1
234	0.999440658882
416	0.99863061169
781	0.99512534112
1147	0.989364876412
1512	0.980497629486
1877	0.968715635894
2608	0.946385634988
3703	0.916280463297
5530	0.843018058397
7356	0.78908459762
11008	0.686167580175

|BaseMarket|TONAR.ASIA.JPY|20250430|ZeroCurve
DayOffset	DiscFactor
0	1
1	0.999986931678
2	0.999973863526
9	0.999882298962
16	0.999790751165
23	0.999698501367
33	0.999567429824
63	0.999163993204
96	0.998703936226
125	0.998266622478
155	0.997804152066
188	0.997267716103
216	0.99678150009
250	0.99621716952
278	0.995738564563
306	0.995238708618
337	0.994678901592
372	0.994053796566
460	0.992352588986
551	0.99062150775
736	0.986852749178
1098	0.979085711478
1463	0.970669083428
1828	0.961486813253
2193	0.951448224216
2563	0.940054201925
2924	0.927819485067
3289	0.914094022053
3654	0.898954859641
4020	0.88254409885
4390	0.865035160317
5481	0.808481829895
7307	0.708542461033
9133	0.621233432776
10963	0.547008869337
12787	0.483956908692
14614	0.430573843744

